1	193	1	15100,18300	-1	hell3	10500,18300	1	#HELL3_HELL3SWHMAP_TXT_000001#
2	193	1	15400,15000	-1	hell3	10200,10000	1	#HELL3_HELL3SWHMAP_TXT_000002#
3	193	1	18900,14900	-1	hell3	19000,10000	1	#HELL3_HELL3SWHMAP_TXT_000003#
4	193	1	22300,15200	-1	hell3	27500,10000	1	#HELL3_HELL3SWHMAP_TXT_000004#
5	193	1	22300,18300	-1	hell3	27100,18300	1	#HELL3_HELL3SWHMAP_TXT_000005#
6	193	1	22300,21900	-1	hell3	27500,26900	1	#HELL3_HELL3SWHMAP_TXT_000006#
7	193	1	18700,22200	-1	hell3	18800,26900	1	#HELL3_HELL3SWHMAP_TXT_000007#
8	193	1	15400,22000	-1	hell3	10300,27100	1	#HELL3_HELL3SWHMAP_TXT_000008#
9	193	1	10500,18100	-1	hell3	15100,18300	1	#HELL3_HELL3SWHMAP_TXT_000009#
10	193	1	10200,10000	-1	hell3	15400,15000	1	#HELL3_HELL3SWHMAP_TXT_000010#
11	193	1	19000,10000	-1	hell3	18900,14900	1	#HELL3_HELL3SWHMAP_TXT_000011#
12	193	1	27500,10000	-1	hell3	22300,15200	1	#HELL3_HELL3SWHMAP_TXT_000012#
13	193	1	27100,18300	-1	hell3	22300,18300	1	#HELL3_HELL3SWHMAP_TXT_000013#
14	193	1	27500,26900	-1	hell3	22300,21900	1	#HELL3_HELL3SWHMAP_TXT_000014#
15	193	1	18800,26900	-1	hell3	18700,22200	1	#HELL3_HELL3SWHMAP_TXT_000015#
16	193	1	10300,27100	-1	hell3	15400,22000	1	#HELL3_HELL3SWHMAP_TXT_000016#
