1	193	1	3400,9800	-1	hell	22000,3600	1	#HELL_HELLSWHMAP_TXT_000001#
2	193	1	10200,9800	-1	hell	21900,22000	1	#HELL_HELLSWHMAP_TXT_000002#
3	193	1	9600,3700	-1	hell	9600,21600	1	#HELL_HELLSWHMAP_TXT_000003#
4	193	1	15200,3100	-1	hell	3400,3200	1	#HELL_HELLSWHMAP_TXT_000004#
5	193	1	21900,9400	-1	hell	21900,22000	1	#HELL_HELLSWHMAP_TXT_000005#
6	193	1	15800,9900	-1	hell	9600,21600	1	#HELL_HELLSWHMAP_TXT_000006#
7	193	1	22300,15500	-1	hell	3400,3200	1	#HELL_HELLSWHMAP_TXT_000007#
8	193	1	15500,15600	-1	hell	22000,3600	1	#HELL_HELLSWHMAP_TXT_000008#
9	193	1	15500,21700	-1	hell	9600,21600	1	#HELL_HELLSWHMAP_TXT_000009#
10	193	1	3500,15400	-1	hell	3400,3200	1	#HELL_HELLSWHMAP_TXT_000010#
11	193	1	9700,15800	-1	hell	22000,3600	1	#HELL_HELLSWHMAP_TXT_000011#
12	193	1	3700,21700	-1	hell	21900,22000	1	#HELL_HELLSWHMAP_TXT_000012#
