//spawnid	startpos	endpos	direction	monsterID	count	Rfprobability	RFTime	commotion	note	
1	62800,28200	67300,29600	-1	1270	20	100	10	40	0	Forgotten Island Beach 1
2	67100,26300	67900,27500	-1	1270	20	100	10	40	0	Forgotten Island Beach 1
3	57500,14700	66000,23500	-1	1282,1283	15,20	100,100	20,20	40	0	Forgotten Island West 2
4	58700,11200	63300,23200	-1	1282,1283	20,15	100,100	20,20	40	0	Forgotten Island West 2
5	58400,10700	62800,11100	-1	1282,1283	3,3	100,100	20,20	40	0	Forgotten Island West 2
6	64100,17500	73500,19500	-1	1282,1283	5,5	100,100	20,20	40	0	Forgotten Island West 2
7	66500,21400	69000,24900	-1	1282,1283	5,5	100,100	20,20	40	0	Forgotten Island West 2
8	67100,14000	72400,21800	-1	1282,1271	15,15	100,100	20,25	40	0	Forgotten Island East 3
9	69600,10300	74600,13900	-1	1283,1271	10,35	100,100	10,25	40	0	Forgotten Island East 3
10	63400,24500	66600,26900	-1	1282,1283	4,4	100,100	10,25	40	0	Forgotten Island South 4	
11	13800,10000	21300,13500	-1	1284,1272	26,26	100,100	15,20	40	0	South Region of the Demons 5	
12	10700,12400	23500,15600	-1	1284,1272	20,20	100,100	15,20	40	0	South Region of the Demons 5
13	11600,17900	24800,21100	-1	1285,1273	20,20	100,100	15,20	40	0	South Region of the Demons 5
14	15600,21200	23900,24800	-1	1285,1273	27,27	100,100	15,20	40	0	South Region of the Demons 5
15	29600,49400	32200,58800	-1	215	70	100	15	40	0	Dream Island
16	35400,49100	37700,50100	-1	216	15	100	15	40	0	Dream Island
17	37600,49200	40200,51100	-1	216	15	100	15	40	0	Dream Island
18	41100,49400	45800,51900	-1	216,217	70,70	100,100	15,20	40	0	Dream Island
19	32000,66700	45500,69200	-1	218	70	100	15	40	0	Dream Island
20	29300,59000	32400,66000	-1	219	70	100	15	40	0	Dream Island
21	46100,52500	48500,64900	-1	1286	70	100	15	40	0	Dream Island
//22	29300,49200	49500,69500	-1	1200	100	100	3600	40	0	Dream Island